# Created by Octave 8.3.0, Wed Oct 04 01:49:11 2023 GMT <unknown@DESKTOP-07SMIQ5>
# name: H
# type: matrix
# rows: 1
# columns: 11
 160 856 1974 2586 2238 1416 550 187 30 3 0


