# Created by Octave 8.3.0, Wed Oct 04 01:38:06 2023 GMT <unknown@DESKTOP-07SMIQ5>
# name: H
# type: matrix
# rows: 1
# columns: 12
 168 846 1876 2673 2294 1409 531 162 37 3 1 0


