# Created by Octave 8.3.0, Wed Oct 04 01:39:27 2023 GMT <unknown@DESKTOP-07SMIQ5>
# name: k
# type: matrix
# rows: 1
# columns: 11
 0 1 2 3 4 5 6 7 8 9 10


