# Created by Octave 8.3.0, Wed Oct 04 01:39:04 2023 GMT <unknown@DESKTOP-07SMIQ5>
# name: prob
# type: matrix
# rows: 1
# columns: 11
 0.016935740098265224 0.085280920120735682 0.1932467009116963 0.25949471541129249 0.22867267060426849 0.13817936961086569 0.057984198474861859 0.016684734750154952 0.0031506362946223778 0.00035256033901242515 1.7753384224488598e-05


