# Created by Octave 8.3.0, Wed Oct 04 01:57:40 2023 GMT <unknown@DESKTOP-07SMIQ5>
# name: e
# type: matrix
# rows: 1
# columns: 11
 -0.5 0.5 1.5 2.5 3.5 4.5 5.5 6.5 7.5 8.5 9.5


